param M := 1.800000;
param: Tau :=
1 8
2 4
3 4
4 2
5 2
6 2
7 2
8 1
9 1
10 1
11 1
12 1
13 1
14 1
15 1
;
param: Wi :=
1 8
2 4
3 4
4 2
5 2
6 2
7 2
8 1
9 1
10 1
11 1
12 1
13 1
14 1
15 1
;
param e:
1 2 3 4 5 6 7 8 :=
1 1 0.981250 0.957812 0.925000 0.882812 0.831250 0.770312 0.700000 
2 1 0.925000 0.831250 0.700000 0.000001 0.000001 0.000001 0.000001 
3 1 0.925000 0.831250 0.700000 0.000001 0.000001 0.000001 0.000001 
4 1 0.700000 0.000001 0.000001 0.000001 0.000001 0.000001 0.000001 
5 1 0.700000 0.000001 0.000001 0.000001 0.000001 0.000001 0.000001 
6 1 0.700000 0.000001 0.000001 0.000001 0.000001 0.000001 0.000001 
7 1 0.700000 0.000001 0.000001 0.000001 0.000001 0.000001 0.000001 
8 1 0.000001 0.000001 0.000001 0.000001 0.000001 0.000001 0.000001 
9 1 0.000001 0.000001 0.000001 0.000001 0.000001 0.000001 0.000001 
10 1 0.000001 0.000001 0.000001 0.000001 0.000001 0.000001 0.000001 
11 1 0.000001 0.000001 0.000001 0.000001 0.000001 0.000001 0.000001 
12 1 0.000001 0.000001 0.000001 0.000001 0.000001 0.000001 0.000001 
13 1 0.000001 0.000001 0.000001 0.000001 0.000001 0.000001 0.000001 
14 1 0.000001 0.000001 0.000001 0.000001 0.000001 0.000001 0.000001 
15 1 0.000001 0.000001 0.000001 0.000001 0.000001 0.000001 0.000001 
;
param n := 15;
param c:
   1  2  3  4  5  6  7  8  9  10 11 12 13 14 15 :=
1  0  0  0  0  0  0  0  0  0  0  0  0  0  0  0
2  4  0  0  0  0  0  0  0  0  0  0  0  0  0  0
3  4  0  0  0  0  0  0  0  0  0  0  0  0  0  0
4  0  2  0  0  0  0  0  0  0  0  0  0  0  0  0
5  0  2  0  0  0  0  0  0  0  0  0  0  0  0  0
6  0  0  2  0  0  0  0  0  0  0  0  0  0  0  0
7  0  0  2  0  0  0  0  0  0  0  0  0  0  0  0
8  0  0  0  1  0  0  0  0  0  0  0  0  0  0  0
9  0  0  0  1  0  0  0  0  0  0  0  0  0  0  0
10 0  0  0  0  1  0  0  0  0  0  0  0  0  0  0
11 0  0  0  0  1  0  0  0  0  0  0  0  0  0  0
12 0  0  0  0  0  1  0  0  0  0  0  0  0  0  0
13 0  0  0  0  0  1  0  0  0  0  0  0  0  0  0
14 0  0  0  0  0  0  1  0  0  0  0  0  0  0  0
15 0  0  0  0  0  0  1  0  0  0  0  0  0  0  0
;

